1000 1500
45 247
524 742
19 18
805 618
375 637
340 560
438 589
802 454
222 414
933 373
823 196
111 522
62 374
60 640
122 793
931 71
30 715
648 99
585 350
967 1000
275 742
615 71
373 141
284 401
850 293
174 976
496 401
798 120
228 955
296 274
109 186
705 576
349 272
364 560
297 866
478 283
946 233
60 943
542 499
82 892
834 293
494 36
700 503
883 842
911 227
693 910
902 81
346 444
637 544
461 940
961 610
160 182
279 218
726 102
423 297
204 187
768 282
207 180
606 979
297 16
987 76
123 151
696 665
527 16
45 394
794 861
839 290
847 22
693 487
247 356
928 662
896 398
726 141
490 880
264 657
530 892
713 41
7 703
469 940
957 674
272 299
305 394
928 749
713 274
284 581
229 429
147 2
663 670
115 984
111 218
910 177
334 523
715 960
552 670
332 411
677 866
185 456
768 406
516 774
626 154
740 926
11 30
862 642
458 502
996 920
65 815
982 389
991 685
452 343
205 51
285 558
424 946
542 669
305 28
770 660
864 679
360 859
61 153
795 187
860 232
174 508
751 345
392 791
503 610
39 770
535 729
203 391
41 31
117 115
190 522
579 420
603 405
617 418
280 887
637 738
263 658
133 335
80 579
52 143
610 830
48 229
304 983
87 183
65 123
319 377
42 938
250 691
654 661
792 755
867 915
538 865
930 640
656 99
602 653
831 14
193 262
293 665
548 660
543 106
105 512
504 951
276 717
871 181
237 903
221 761
78 847
89 704
359 912
499 718
305 97
547 963
642 188
486 693
488 569
483 152
239 772
31 423
738 648
497 477
77 409
348 32
152 460
816 690
388 27
660 135
861 485
990 583
387 762
749 496
162 327
355 149
470 31
958 694
503 974
104 30
675 475
165 764
902 656
132 27
452 38
917 940
648 181
973 766
384 817
390 698
498 409
994 908
888 828
582 957
187 425
647 535
206 501
495 318
671 656
845 437
924 341
782 359
35 224
83 79
577 607
593 195
396 267
76 431
465 563
198 730
537 391
899 34
984 449
829 57
457 791
393 257
779 314
698 790
416 812
229 284
272 217
865 488
568 978
210 679
953 115
979 659
705 857
213 41
235 535
507 21
452 680
872 748
76 983
408 827
743 336
336 12
611 425
453 514
412 779
463 633
900 144
697 593
313 866
67 140
659 993
404 511
432 577
66 2
185 163
698 296
232 990
797 162
962 864
264 828
207 286
921 677
754 142
637 118
584 809
634 661
173 255
771 669
774 3
676 305
745 380
800 561
85 608
669 472
752 240
926 820
280 275
199 698
652 421
930 574
62 417
941 597
236 618
532 706
207 280
849 163
56 843
750 590
286 433
425 196
305 125
215 160
177 294
743 900
676 166
237 488
414 958
706 379
160 918
420 685
811 512
710 782
776 520
553 36
875 241
655 307
400 816
676 499
636 823
646 356
414 886
664 399
183 65
390 369
888 971
936 844
440 416
792 957
131 462
253 166
881 652
212 253
233 872
892 681
685 101
601 500
583 921
149 882
896 379
495 974
262 790
441 279
559 232
191 360
650 701
142 906
959 162
614 443
81 755
101 114
988 727
345 84
136 990
454 821
472 420
494 247
90 567
77 419
603 141
96 738
946 226
587 78
700 539
651 891
969 322
783 598
990 588
729 379
645 754
81 225
640 373
961 93
703 752
728 973
71 928
472 628
630 854
131 277
579 313
563 861
247 497
926 988
976 717
302 934
976 606
736 273
916 970
378 329
642 839
779 136
107 930
991 236
579 782
47 122
991 326
772 811
996 767
241 82
799 384
877 322
622 464
937 488
679 667
14 122
913 761
440 605
730 354
182 788
799 265
628 421
308 858
598 530
295 178
513 796
739 493
626 668
741 44
894 883
750 271
209 809
212 348
298 156
849 108
343 544
207 414
113 461
754 765
654 433
385 269
263 54
337 160
57 101
127 437
542 627
566 210
163 884
552 861
863 318
576 929
143 789
949 192
969 621
70 717
336 552
24 495
8 105
757 561
433 271
992 679
262 819
974 67
496 769
918 594
905 454
47 774
268 642
311 447
650 619
244 766
447 566
173 316
439 948
667 696
293 710
260 675
756 367
155 971
848 94
674 498
592 991
251 39
973 859
675 976
14 358
717 13
920 268
935 609
283 988
604 992
316 980
290 691
326 303
823 907
993 598
719 232
430 726
1 373
222 635
621 535
829 100
707 607
897 366
759 145
414 566
120 974
183 896
592 748
68 266
768 416
165 672
179 242
652 972
403 584
15 13
655 391
551 259
62 41
26 393
501 143
853 571
773 143
136 116
105 974
153 413
470 922
578 310
764 768
436 490
136 133
413 17
665 182
991 917
743 151
657 917
445 529
737 99
24 870
260 755
618 677
694 449
137 764
228 417
755 289
834 961
37 250
59 996
796 161
168 793
514 813
343 539
889 660
62 458
357 749
894 843
642 631
9 605
552 913
705 525
303 908
868 533
117 26
967 147
825 479
606 746
460 99
83 483
9 606
665 526
115 257
11 573
677 807
526 179
998 909
952 645
312 135
988 87
619 637
464 479
755 501
148 307
984 604
393 565
889 243
930 859
793 526
3 55
839 135
56 145
227 592
473 240
84 330
166 925
390 443
721 674
639 942
716 241
614 817
727 960
978 433
579 606
958 954
756 410
513 306
137 935
292 521
85 15
601 599
352 320
843 851
881 38
833 95
895 828
700 495
628 980
426 723
950 813
2 700
464 915
988 848
133 844
14 613
138 596
411 840
311 105
677 338
564 360
315 372
380 979
987 911
426 306
211 377
25 50
11 743
335 180
582 132
780 991
109 29
238 191
752 476
402 155
857 49
692 130
412 95
244 576
75 247
528 245
616 639
193 297
49 726
832 885
793 114
533 738
435 585
327 827
44 888
725 294
790 469
282 267
682 767
582 720
8 400
42 861
694 874
704 664
22 135
393 254
663 521
67 463
702 995
788 816
13 801
64 742
717 888
85 300
788 968
976 914
509 127
141 548
231 599
492 817
729 562
508 770
381 251
720 328
115 80
648 270
258 310
759 263
77 368
91 191
842 398
912 781
19 965
698 397
748 500
23 512
772 872
848 757
411 477
903 124
988 555
747 372
878 136
357 237
722 57
294 324
403 32
911 524
77 693
225 22
862 139
606 541
359 798
495 5
893 705
78 1
487 77
317 974
410 715
413 889
418 985
265 865
689 557
216 491
150 894
248 109
298 468
345 62
849 511
76 484
182 962
417 701
853 386
314 438
491 444
709 978
486 874
105 752
476 774
571 157
884 668
95 706
191 303
6 70
884 105
17 214
872 53
539 953
24 246
318 937
738 621
102 463
979 150
591 70
668 334
117 220
310 124
528 309
886 718
271 272
779 924
731 628
334 215
918 807
847 773
77 767
358 305
326 21
801 148
620 205
971 135
449 296
382 536
447 427
126 891
930 846
88 144
445 885
638 798
938 401
577 896
681 658
31 927
830 988
130 928
410 932
860 48
336 503
572 610
861 348
60 864
388 712
35 649
222 789
101 509
907 10
637 586
954 516
378 978
293 651
945 324
760 635
555 134
238 47
165 243
786 530
965 365
958 328
131 459
57 152
233 93
739 404
475 583
582 920
766 584
200 582
347 142
178 37
309 24
868 435
30 51
679 46
783 404
924 454
462 88
175 775
185 510
538 313
446 788
60 233
207 30
881 814
813 832
632 289
666 979
701 392
364 104
288 996
971 840
93 354
786 433
611 740
925 773
107 803
242 239
234 940
75 624
562 970
60 221
704 622
132 849
253 784
683 206
305 456
339 480
610 29
640 124
472 964
248 966
736 523
596 972
19 94
619 644
800 936
13 550
677 998
68 819
997 42
417 749
43 164
255 102
651 384
170 913
445 278
406 739
832 410
944 995
84 982
790 624
784 684
57 901
947 250
464 14
337 426
906 516
3 352
526 271
905 632
266 751
761 430
58 467
864 473
845 601
283 727
742 314
937 516
920 430
69 538
434 876
445 726
879 621
657 293
373 230
888 396
927 39
935 640
209 300
993 365
634 576
606 221
614 30
974 838
19 201
361 432
347 396
988 370
611 376
365 262
761 432
271 726
599 540
213 270
891 253
529 199
178 928
712 734
96 832
303 464
612 142
307 376
10 416
634 24
160 61
462 448
273 427
680 151
822 399
378 264
158 118
807 15
97 505
532 180
254 54
988 327
112 449
220 79
125 87
776 125
87 976
212 219
306 901
365 769
72 788
179 480
446 948
660 251
78 136
966 964
61 497
367 948
973 768
774 925
607 728
354 921
843 889
581 275
33 759
703 913
789 439
357 112
260 697
597 984
369 444
334 556
1000 788
200 564
904 991
767 534
37 627
663 996
944 833
565 302
75 802
425 390
291 273
69 309
137 206
278 696
147 453
692 979
237 200
425 975
977 777
247 609
990 429
432 205
997 55
372 546
666 265
709 388
513 633
978 935
37 943
459 546
19 104
810 481
288 306
189 258
325 628
724 350
998 892
237 246
353 562
745 828
216 806
890 63
78 558
945 862
188 262
6 132
319 730
575 925
320 72
813 420
375 444
990 992
108 741
403 728
412 880
868 128
780 784
177 50
19 209
402 854
326 910
476 235
453 860
338 582
450 409
979 45
266 2
615 683
97 70
894 28
477 848
619 555
200 968
372 81
402 612
993 33
122 167
578 99
789 522
143 53
852 171
491 554
683 537
292 336
563 817
598 439
38 412
197 180
917 77
412 210
602 96
35 570
25 123
274 946
723 167
103 945
195 401
61 894
420 440
940 523
864 289
465 696
604 212
153 896
93 30
796 544
571 240
342 535
219 265
420 462
957 297
612 50
430 360
634 77
629 733
14 299
352 683
40 840
392 298
528 74
899 710
196 208
867 176
975 857
108 910
936 803
313 953
113 582
190 6
141 97
153 562
7 672
140 10
108 890
10 320
887 683
423 599
696 938
624 540
417 970
217 504
495 655
357 828
578 358
231 634
211 729
996 188
92 736
98 842
37 439
43 440
794 793
596 177
89 426
411 824
683 328
479 840
728 37
844 86
277 394
226 413
108 675
476 706
792 565
887 391
547 862
559 691
349 380
627 849
250 306
232 695
966 889
198 514
461 499
71 200
875 977
731 793
833 449
899 383
300 488
603 902
795 891
415 224
159 36
24 448
367 812
604 48
111 448
77 17
644 17
243 525
92 501
657 375
777 466
777 456
105 797
28 699
965 919
276 517
958 596
766 714
984 797
706 404
98 722
625 26
199 362
834 729
197 860
964 778
950 431
677 704
191 915
324 643
159 819
262 934
120 898
993 75
522 856
924 398
828 562
606 805
215 591
777 805
786 164
763 876
718 891
636 69
950 881
202 895
974 681
822 489
494 124
738 471
283 715
232 83
301 960
144 855
883 97
939 491
453 241
39 475
471 799
749 98
616 488
399 62
944 271
872 316
247 512
328 998
442 906
446 41
276 871
599 379
702 661
526 637
838 883
742 788
110 620
93 268
61 307
529 662
752 460
795 310
32 311
406 943
980 706
529 137
654 866
575 818
515 575
841 296
434 256
938 143
406 84
616 724
747 951
823 789
345 833
901 97
947 239
983 661
324 247
830 6
794 91
646 307
774 289
682 37
152 428
10 466
698 352
575 19
113 16
684 14
883 358
774 144
100 485
85 439
96 640
599 269
427 462
547 49
176 692
28 317
370 85
931 362
749 123
32 307
196 128
656 312
985 468
9 183
162 506
118 643
629 301
896 923
207 354
243 696
225 37
454 219
156 698
886 267
109 235
351 418
485 663
316 748
38 262
383 429
731 403
665 132
697 368
995 621
522 915
633 193
751 415
874 697
490 652
144 316
461 761
774 890
604 450
752 392
746 981
537 680
850 667
943 819
697 934
485 278
18 78
644 769
565 999
42 447
309 197
27 13
450 91
773 895
867 693
663 635
998 804
360 894
675 433
575 394
26 99
899 900
599 199
272 387
483 776
708 805
754 318
666 454
63 179
620 469
952 146
744 330
143 790
151 56
117 889
286 929
847 498
716 455
299 919
949 371
168 921
261 489
338 597
878 159
171 346
580 640
190 805
318 857
994 220
712 437
549 725
281 114
466 927
108 845
965 426
923 369
251 470
199 994
536 317
485 46
560 152
512 48
400 499
106 377
115 3
912 116
559 549
419 902
473 174
630 794
501 804
96 515
21 515
366 162
318 437
71 458
141 627
294 325
311 301
149 480
862 326
672 290
680 160
137 220
458 213
517 585
457 296
750 635
552 746
743 257
582 683
811 681
859 598
580 271
518 856
654 636
803 682
725 252
900 254
465 745
124 699
706 134
599 24
685 416
203 790
178 287
423 608
423 223
230 938
110 95
274 213
379 620
38 943
872 326
510 454
785 762
537 336
81 340
498 39
829 846
490 374
273 748
970 502
433 200
328 560
649 22
602 457
191 933
571 814
519 321
828 312
256 358
622 713
698 685
272 371
210 954
290 543
119 273
396 829
760 751
867 496
56 691
885 53
605 60
13 539
606 802
857 730
9 865
704 772
534 900
99 360
522 301
594 549
515 401
3 198
145 533
428 442
609 595
429 341
830 860
680 448
10 617
261 761
28 297
582 235
113 765
527 664
605 976
108 241
647 889
510 12
271 666
617 727
561 357
252 488
190 670
634 845
848 468
71 877
186 843
823 575
952 483
361 642
833 385
4 409
494 382
776 957
293 159
966 850
612 249
545 733
723 168
458 488
67 241
760 782
42 80
